1970
742
1468
730
8468
726
8508
5688
6574
6354
5075
2109
2835
4707
5004
4069
376
1860
9668
170
5193
7458
8112
4014
5743
743
550
1954
7148
8971
9873
6773
9045
9490
8883
3288
7920
1525
2591
2528
7559
8977
5562
1607
7149
7305
3368
6466
7594
2537
5558
4137
3410
4111
5666
193
5330
5234
3635
8243
2766
9477
4465
7535
6363
9989
7137
5332
5785
644
1516
7703
3734
9249
1324
7907
224
2669
6892
3641
4837
7926
7389
413
1863
8193
8564
7802
28
3807
5783
9733
8590
5266
5244
1048
8224
1969
4004
7287
8384
9697
1404
9026
7088
6033
8228
1608
555
797
7984
4076
4141
7
9281
8368
6052
4305
4725
3277
1013
3515
326
8524
5391
3742
9630
7865
1599
7040
8648
9396
6267
2980
8254
131
8580
5359
121
4789
4037
7356
6459
4005
9329
6541
3237
9150
1949
4016
1712
9265
9564
6957
6852
990
6699
8823
3642
3183
3319
7368
160
4211
7542
3187
7092
1178
577
6507
9446
6040
3823
9154
4651
7815
6059
8859
4750
1016
8876
474
3339
3281
631
5002
4352
1978
3100
8226
8461
1432
827
711
9556
6475
1552
420
7168
5770
9125
617
2252
5428
6423
9964
2165
194
8708
5899
2909
1617
1500
278
4295
1280
504
1523
3212
485
5395
2319
3522
9525
4846
2008
8830
6420
618
2638
4471
7844
8189
2277
2432
8692
8698
9648
8555
8027
1210
2446
3063
4083
781
9686
1668
9152
7855
6335
3800
2418
4632
5691
2755
4999
6195
6713
4405
1791
4693
7877
6038
6952
4565
3357
6502
5479
9510
85
4493
7585
2866
8944
9009
1043
9941
5559
6039
4885
721
9714
3995
509
8054
3676
8834
7033
6677
574
3550
9311
3689
838
8462
1313
4809
2546
6293
8145
6747
4702
802
9405
8766
4046
3756
7545
112
7243
6963
8163
4043
9020
825
5548
246
7043
5690
5009
916
3984
4531
6765
2104
6650
8222
616
4995
5312
7754
5158
2483
4935
3589
4895
9991
531
6080
8328
6121
6097
8966
6822
6669
2770
7699
3247
4459
1458
7432
723
2147
9166
8231
2411
4896
1209
9189
6556
6237
7742
6990
4638
8119
5619
3115
7082
3220
9881
7698
4180
3491
1427
3206
9921
6527
596
1633
1647
7409
8663
3180
1405
9230
9165
6018
8129
7641
5822
369
3089
2209
8077
3235
2174
8762
4088
1758
5145
4300
2033
2426
1661
4404
3179
3950
9724
7778
5231
8840
7637
3222
4470
8432
9732
4544
4396
6534
7120
2948
9936
8954
6188
4158
1211
2100
2029
6076
6693
7145
7470
4463
255
3146
1886
9657
6060
2481
3675
2115
4831
9078
9488
689
6133
889
3553
1344
7441
4245
3655
5513
2211
9748
4863
2193
9728
9599
7983
3977
6447
7690
1076
9543
9885
8357
6986
5931
5337
3244
1388
8937
1827
4259
582
9612
1512
9788
6811
9142
9065
9171
820
9815
5112
6618
357
196
1895
2597
9038
2058
5468
3510
2764
2822
5850
8445
4688
5205
6134
9766
9709
7774
5007
4094
4385
629
8316
9384
7399
8914
7968
8034
5797
8746
2221
491
1890
4731
1740
5181
2728
123
8896
7465
9654
5044
3842
8761
3389
5944
9606
8155
4768
3681
8690
297
6616
9487
3568
9200
8219
2589
8332
4530
97
9719
619
8065
9055
1272
367
4466
5214
446
2323
1847
8573
3538
917
8740
4053
9330
8738
5103
7674
2146
7123
2370
772
4125
8527
3449
4829
526
9769
5357
7162
2907
6562
4397
2798
9474
9996
6633
3562
163
4403
9013
2648
4641
371
7014
4343
6532
3256
810
8336
2700
9756
5889
5786
1953
8022
7593
7443
6261
7817
626
7739
6972
2552
9278
6048
6855
5394
4367
5076
2918
6105
5787
7995
2590
8294
5011
4874
5989
4981
8999
8399
142
7075
2845
9255
5025
945
5833
8098
1558
6115
2933
6571
3687
4673
6611
2655
8572
2376
4969
2469
6537
3614
8873
9401
1783
3610
3682
8089
6876
1845
3936
3837
2956
3058
6303
6343
9011
5794
3718
314
4441
2407
3185
8980
5629
3047
8652
4560
704
6996
3321
8605
7875
8784
5083
2013
1376
5363
1888
2247
7023
4581
3233
1798
4668
7883
5539
6257
6830
3947
819
2184
1208
9354
849
9716
5974
8162
2553
9476
5547
274
8148
1478
9946
7824
8305
6141
5659
9890
9966
3243
6849
8282
9409
2511
879
3438
7238
1318
2688
4801
105
1430
8394
1802
5480
5753
38
6070
8570
4579
95
4703
425
962
7379
6126
870
5657
7019
4729
4612
3704
604
8825
2860
6511
1572
1790
1539
6252
175
2630
4832
1510
9763
6111
719
7239
4499
5023
8791
4807
1066
401
68
5821
3295
6260
4104
6555
9895
4114
5106
3213
8216
334
1166
6603
6758
4561
669
9838
2740
7771
9948
8498
3630
2112
8788
2401
4133
3132
1442
103
3929
9364
34
3706
5705
479
3026
9518
444
4856
6917
5068
285
8049
71
3035
6790
2611
5293
106
9367
3793
6608
9869
2018
2268
8640
737
3000
829
6978
8423
1520
9934
2813
4618
1086
1722
1662
6923
2532
3391
8036
2406
8752
3965
2957
8279
1408
9717
1885
2737
7823
7396
275
35
6882
5643
2644
3853
8548
8091
5586
7049
4427
627
405
2926
2134
7631
4417
8851
9622
670
2784
2862
4233
8158
1987
7622
9990
6198
6718
9779
52
7581
9685
7505
6398
780
9192
4433
8802
633
5299
9683
9028
8768
623
6601
7587
8422
232
2559
735
5589
4304
1767
7964
6286
4209
8284
7445
6217
8185
9413
2521
3226
1844
1173
3393
4753
9920
9129
9974
9251
9347
2539
5644
9575
32
5605
5387
150
5885
3366
5523
1909
523
925
7578
9581
9782
2462
3234
5515
1421
2423
4913
5127
1093
4101
5654
9326
8441
9483
8444
7878
9054
1386
1832
9231
3826
5726
6002
1199
1769
893
6478
1046
6246
9584
2596
5280
8184
9774
7448
9762
3848
2084
8274
4797
9302
8199
2518
1991
4598
8214
7779
5433
9962
3386