70811
9875
15353
13534
28287
43234
63334
38181
23297
85768
68184
77966
10078
24102
4168
41729
46447
89493
53582
44965
34404
4546
79744
8732
12013
98316
26212
71455
43533
52426
12449
93806
97937
58893
99196
87203
31848
32466
42605
32453
59930
35487
34589
44615
64003
95288
14712
29146
63501
75113
19654
18981
74972
8162
57804
91473
16417
94965
23536
36513
31929
84426
27132
55713
14629
28056
89081
9165
41349
14893
93235
61922
12082
41685
96276
14427
7922
17973
23090
36442
21322
59802
74606
36832
73438
50047
97208
29398
83453
46150
57203
58352
70554
57369
66174
49808
2993
48084
26500
87707
52366
68418
63580
63668
63094
38658
24573
84810
72434
38973
92789
81225
46041
22689
38474
20818
38385
53254
18480
15473
22507
40311
1316
97326
74166
94134
83301
9291
81494
91386
87392
93455
59140
66674
69394
77487
59796
29335
64368
58111
3555
30757
14691
59558
53417
75245
98370
71635
8607
62685
54811
37213
95641
26257
97683
83
16484
60410
33140
87603
83771
95393
26990
27755
32763
22158
28957
58394
56600
467
1475
94811
51515
24288
76307
6406
89861
82258
13859
81445
26597
41458
15795
89565
66185
25858
38695
90860
41169
3836
79742
78581
82567
70271
93551
52564
32462
89420
52434
55795
88629
27451
91189
45838
144
90354
78816
27147
7757
6323
61672
11506
32793
5161
49535
24233
78691
36632
7889
323
664
22883
70713
21516
86272
52598
56677
24882
73461
7150
86259
41146
71925
60838
80214
44928
34183
24854
69485
48628
59003
83565
15716
67368
69772
14886
30283
85717
96312
79206
10008
94926
45492
83812
59426
38899
60999
8309
66534
43518
91830
43946
48795
70880
28930
66408
19912
17486
3838
50179
78004
48459
74819
43305
15953
69231
89222
16500
47730
70036
30327
64679
29005
37736
76030
97693
74799
2242
38753
4129
52238
20648
33971
85392
851
87412
36510
99508
20649
91532
98319
19372
77198
918
91690
89852
48816
8517
83050
83845
72391
85918
22992
85845
80690
93067
89962
47751
25525
88390
39009
72935
24544
55843
32065
55916
50357
23797
15279
1891
92977
31290
38316
30631
12492
35419
65915
46213
60221
46446
40342
75011
61737
43295
16442
1572
41345
77949
1223
64482
14929
50156
60678
99884
12836
59479
90440
5884
44592
9151
92736
67462
74515
62876
28745
94285
79501
470
50432
95369
65366
24429
63454
88478
55524
14053
68876
43355
82206
59389
68925
14179
10037
75758
55133
34075
8928
59893
33119
64149
78842
94315
56427
97902
11300
13085
19413
62567
18890
49608
74426
85159
19960
48384
48166
29134
14920
46018
32888
3891
62292
43864
82539
48684
4301
62047
59738
14472
85233
15560
3995
95996
98903
59523
9146
93474
87674
7062
81261
54214
54001
44555
29306
5876
56509
24799
36619
29696
96033
78805
36749
94834
90753
93577
54208
87476
48047
22744
3159
61381
61170
6908
12233
68280
66794
86211
72381
89703
13992
74676
2465
4199
49921
12497
97133
81320
60540
85357
91921
7549
87354
87109
30439
76043
79747
11297
92681
28856
75665
58440
10941
32489
30825
46426
58334
58967
90762
2890
87793
31064
58611
78590
37459
62887
59254
86986
72085
55718
86671
38117
13356
59994
60172
65000
48054
2616
95871
33811
71681
76337
46615
16095
9736
79653
62697
35872
11197
12159
20048
35260
98000
49651
87498
42830
43543
51756
81193
91937
84905
66751
2481
76690
86179
42924
14864
83503
24986
82804
8501
2201
71421
52480
22009
1519
79825
33773
52198
51948
78063
93274
70575
32521
70912
61550
79144
46510
4643
19362
12440
17677
19025
17575
55182
54859
56002
24754
40571
44232
19966
45067
22566
29568
64013
78086
91840
17304
51992
31103
71904
16157
23223
16393
33846
20946
55326
32533
2171
15121
2130
39353
40051
30612
1502
63561
60158
19210
10793
49197
77264
78002
8531
44334
52792
21167
5397
95784
65575
94050
28448
49443
29081
19587
26959
33113
58890
43904
22228
71908
94137
49684
34296
1048
78523
37868
88426
63072
667
3399
46385
49496
17049
86499
78405
13637
72574
48949
92493
41804
74726
36184
1736
60587
15857
9357
55005
30568
97170
46458
48586
23289
35820
62893
65463
1696
8830
95374
30128
18502
97348
47470
62392
22660
24711
29841
71860
50239
89091
98607
77717
21066
37259
38266
9600
9437
78973
56397
61915
21946
50327
79768
6
27569
286
52520
68987
184
70759
71527
26181
26085
20695
91740
55979
85207
45104
56358
38021
65
38109
96072
92869
52295
46731
22023
1848
33797
91284
1680
38498
40802
18225
59731
92143
61147
34969
89530
67437
62160
48644
58899
31804
67295
40879
83134
39300
96065
42807
53605
50162
94155
89562
55140
25854
65886
4835
59724
84036
33456
86363
84539
34548
42052
96459
95696
83884
69756
77687
36992
28858
43156
79720
80804
77500
4084
69533
83734
1844
42684
94879
64169
37438
69787
35191
4605
14608
61228
25016
55282
19185
74430
68849
51263
88138
88799
84580
53335
84836
5394
84867
15486
58267
13215
67419
38247
29733
16620
14100
67544
10665
79343
51665
25518
76631
48132
21540
30345
97002
18091
83079
2330
50201
36688
89512
85023
66836
53019
25363
27033
76203
15235
10575
1104
59743
87873
86416
79099
43746
87945
87989
93610
91303
94755
70810
38720
629
32099
16883
39479
34976
54366
99530
8514
38729
3421
84398
53357
11189
52417
30499
62696
9457
36520
39278
45743
44433
20635
78366
18679
14023
84729
4374
7898
83320
35533
65087
38193
91294
147
81957
72580
94643
71399
16859
63330
86490
16518
40244
25851
92662
53502
77157
16379
7908
14296
28050
14173
86317
60773
48807
10392
88591
4368
28422
96412
21439
44209
16964
45751
6290
72729
38789
76534
43285
2364
64918
20659
65616
40037
24123
72470
64725
2319
41018
68334
89103
24003
75294
45886
81967
43600
15562
7580
97897
36861
83347
12584
60262
6986
90599
8329
92572
32043
20283
79493
50631
4501
5655
31930
53200
92618
64673
27910
95171
48108
61152
12005
21130
12562
49594
1331
92153
12466
80824
2586
54197
85472
88748
27899
34141
58096
19087
36168
24574
20862
9271
54822
6614
54622
72615
47147
78584
13544
81380
75836
68285
25565
26783
20572
44940
25069
56254
60829
80499
43170
49170
15923
12580
47355
41572
67523
16692
13807
94417
26704
85183
90639
13686
88360
53155
51116
43545
48085
92872
88288
90841
46343
69161
26628
60647
76526
44973
10636
61790
82345
83776
62709
14516
64760
99421
50793
7920
10621
53888
95067
75120
34820
6422
41193
88026
46651
12962
35203
8008
83310
23208
8017
38139
4977
98447
14873
68024
85741
92786
58304
9774
61749
92154
1432
10786
56859
46366
6934
3314
14741
26634
50410
47809
92897
46558
62658
95848
1095
8095
1080
41932
83433
15378
62365
85127
5254
45088
84846
87633
97274
29992
73162
56030
63363
7076
18937
98112
62172
45561
35821
94624
27744
11380
55581
27113
98053
39535
38735
23993
41680
81747
97731
31806
19795
94918
90099
38183
69428
64747
6399
82301
74256
23439
53770
99492
11689
74244
23866
5430
59359
66711
68938
94895
92581
67346
21884
18435
34866
45231
16817
48367
51273
65800
7145
65576
18563
61690
45605
18633
79725
31209
19213
9131
86563
22106
51580
90792
74524
51138
95034
26748
40826
25207
74069
60139
97379
60883
10299
23531
44311
5636
22298
67870
66073
99861
8397
83648
97737
96829
32337
65120
47804
28092
15049
3135
62712
32670
40865
96447
79830
25569
77691
26362
15437
29342
15706
2922
81125
84760
86444
13189
89196
47447
92510
86854
12531
8881
10427
93660
60220
58655
3775
67973
62404
73151
58085
859
26420
63409
64476
12230
69476
6733
17266
1518
80163
71699
52450
79125
92583
1634
70440
67341
32575
59954
21354
94968
70993
30267
62924
50280
19423
67762
41114
30730
48412
83808
7154
2565
40179
75280
20213
91535
94385
5462
98100
14806
32259
30737
83542
79091
58362
1693
91688
83303
21699
58072
2685
64921
83533
99283
25531
24387
25359
78565
99623
94907
42092
31177
52384
57544
87124
56557
85057
27383
8403
41552
17204
20062
13139
98388
48314
57165
43339
54925
12307
38776
51066
89207
85655
76823
81472
20859
67565
71385
81555
42812
19147
80773
65461
74720
5826
52195
920
99631
12198
98967
86780
13429
13019
50163
96932
53173
4606
85713
72698
66891
80113
42310
34151
49165
18483
89409
35581
45348
96382
14973
12674
80873
35648
66945
26076
14346
86587
32726
11733
82874
60912
47898
92971
41268
17285
38383
55019
53094
63633
27411
85926
27612
12411
55201
17018
99635
76106
84540
67657
41767
62040
59806
34408
50705
66622
582
71983
79264
48992
86619
44639
75386
59683
85402
82988
42407
50830
23972
80426
78602
81355
31418
57846
8616
94238
14237
36392
40920
59939
92623
10854
33104
41117
89039
20210
70430
3715
24152
4841
35902
2300
94954
64511
53586
81660
65540
21131
37310
60529
53376
73381
48825
84828
88730
62250
47762
35535
3312
49985
13630
74167
18606
13839
92801
84010
34405
50567
32955
43778
67008
26220
33264
77807
6853
74295
82088
87727
70274
49175
99337
9714
42704
43396
90067
2898
85729
37183
54119
83278
15502
75298
83965
12870
95074
50033
69876
98120
26768
19511
90388
146
48999
57455
95510
52419
82310
95938
70264
95122
29870
49492
64774
69050
47869
54696
55715
31173
69574
20492
72204
63820
31089
63627
13657
88126
89397
86425
97851
56132
32279
42905
50116
7306
48005
87365
53804
65808
95310
4115
37523
41323
42264
65879
50382
93338
53850
32910
54994
73446
6137
75672
37833
27457
13757
38974
10635
17098
18817
12728
60545
73626
5263
98523
76284
24833
64151
92339
80762
27165
59086
52926
94992
18646
83280
24415
132
29980
75769
65763
23284
1002
17058
17734
68237
68721
85624
18226
12546
6542
43182
37884
2036
48885
76273
44670
23166
99851
19069
71396
20866
5335
67367
9166
59555
55193
34165
92808
54950
18134
85945
69769
45997
40967
82217
72563
53421
59480
61508
57906
81383
71696
39811
6858
74669
10051
92190
30863
81379
34317
66778
38575
90408
66557
76351
49485
66978
80262
65786
57733
79816
9687
54104
66028
52891
41570
60477
58036
85818
90642
30441
11003
53284
67478
11795
33558
28337
29446
15512
12100
32269
66838
84664
41616
57576
5543
17380
77246
42566
56295
46409
60414
92764
42813
65285
17110
11785
57259
68792
44696
71525
13252
40213
7799
21727
67624
66573
32496
37807
84376
12344
38263
57816
68148
75711
95266
79079
4303
41138
1054
52407
99481
33986
43509
29347
60950
15963
11138
43258
62891
51293
17299
85629
23735
10804
95648
25428
72823
89452
14442
44835
60004
96966
64064
9797
44969
78924
82006
67557
8924
22243
30525
54129
10182
38493
84859
23358
10067
68384
93591
93820
90135
43916
16568
25365
34314
4539
93153
42486
24673
17631
93630
60918
58815
17762
42096
74975
46348
48478
77686
8627
6157
67232
63465
296
96067
27161
35193
40721
65578
55298
98782
51996
64110
55931
92961
29534
97322
68034
57496
42964
81486
63034
90979
51838
22573
31462
56481
5784
57313
10154
7893
87533
67717
78837
4964
17587
87433
75566
31368
49747
8330
78687
54924
67473
69218
8760
95085
76638
37712
68109
53631
76130
9472
7674
64230
76086
87910
44574
68387
73900
11257
2383
82527
66140
62370
46281
78643
27560
63080
17777
76462
56582
49704
63393
8821
22853
37126
89515
56046
11590
30384
85978
15422
62570
53891
51723
31193
32039
63768
64970
36110
38140
2373
30753
97359
85500
12485
53767
32410
5408
37963
73518
11629
85344
37926
88702
46544
47808
88727
89227
24797
11607
62678
75556
23591
9266
94922
14005
53680
98675
38351
98145
95580
72526
41653
49849
27956
68625
71898
39832
40942
5381
5650
75111
26412
41
26353
48573
46845
26609
26313
53070
75727
55192
37791
29182
3899
56799
36878
73369
54528
51423
68857
8005
3138
88867
69825
22306
6489
12127
24502
4119
66135
2029
30939
543
88695
14501
97695
99177
74267
3317
5997
66149
2800
36501
77871
59054
8703
42760
77392
34845
54267
1078
69274
13168
99449
5825
88810
83855
43211
45072
7586
19618
98205
72759
12128
733
19554
39893
71799
92361
83817
77868
67181
13781
33550
95682
11413
44460
24664
47139
40955
46043
50677
49673
81353
53178
82437
58968
4572
72148
69319
45794
11678
83294
62817
64573
55333
36824
85911
43257
79230
34980
33784
87126
57748
54704
95413
46767
40387
66423
86222
91622
29532
1065
27485
30358
4043
31408
88139
92041
21799
12246
87089
43580
30802
93394
71888
11193
76910
15696
35707
58280
52574
28785
52626
74250
21440
31570
63492
72487
45744
98085
39192
94754
86761
15220
76748
28723
35148
56066
50437
32330
68643
35360
40008
72159
33205
28073
26226
70977
31431
31528
89205
43433
32531
37344
71174
44872
76154
96120
8719
6653
28214
42405
66773
44746
82055
9347
87421
1411
58421
91591
48805
17695
45973
85632
39344
8271
57762
83418
28016
40478
38504
10595
82064
16008
68084
36343
9188
40272
45532
89665
88562
64910
62805
80096
36682
13891
19629
29275
64156
44022
50119
21631
95381
83238
97420
17853
75853
14839
87601
64729
66890
47065
47586
48958
84509
68497
85030
85151
44361
32880
32586
64308
93142
74483
40790
56379
63052
4396
95595
33431
70996
51104
16939
82950
11064
96826
50602
99000
97763
50957
27458
51411
6791
77345
3939
2721
68529
33088
62612
22012
57218
28156
84784
86731
2961
45984
47318
65614
49510
26408
27598
51799
69996
44883
17679
20193
99735
91103
23325
44027
16601
89679
11182
8244
91338
75868
30145
6342
25506
41444
91559
18095
64558
22315
19365
92735
15892
46010
3319
60251
69645
89863
17228
22165
46536
77552
10075
22332
57251
22097
80122
24938
81798
12496
63130
29439
17961
75557
54940
69272
44156
26061
25465
85675
27234
16888
64826
39191
70779
43707
54824
98015
3234
44265
61478
1730
33261
60082
99293
81750
12325
32092
9725
36571
63466
48866
80895
11480
98747
27785
15846
95043
95787
61139
66601
89033
63529
60880
3992
62235
73256
12345
59142
43356
60183
45448
74955
38848
73583
17173
2766
12533
68936
89328
80551
36195
58552
48446
53909
58141
81312
74107
72425
12765
68560
26509
45060
14961
76708
4385
29693
94819
81917
48098
7386
78867
72126
26859
31143
28613
34002
20257
35212
34341
46948
9034
81981
70150
92
34346
18778
84833
75851
71606
61336
19105
28383
13309
86191
15328
14527
51455
32229
98581
38090
11791
3982
16344
32445
73191
56139
50203
6158
73464
16564
4712
80717
92304
72327
42752
49277
21760
56239
84903
27953
43875
49900
7527
15747
26942
69652
97980
31225
7206
33417
78682
6795
55317
21055
49757
99110
37067
48782
25645
90218
62563
39585
24959
61195
25627
44815
54497
62853
20604
95283
94122
32958
25909
57669
7485
20641
47512
61313
97481
27301
99140
6428
72932
97523
47603
43075
3751
78147
69011
11919
81142
46292
66402
97040
53696
9049
97713
60711
77048
30393
39316
41559
57242
29736
54200
72302
33692
81483
44438
29369
81919
56079
8853
12444
48888
39927
60812
88540
15319
79043
77466
60214
51745
73154
97593
13882
13749
98845
58800
54470
98875
96521
17737
9321
26957
92105
22493
83396
64250
36574
85529
21553
2627
41913
87358
91096
11236
73527
44444
49344
83658
2058
38186
78268
97712
61111
48702
26882
80786
51187
65259
83112
16996
48738
72461
54766
3952
30068
51376
42326
99821
7435
65296
36216
46645
49016
94415
51647
72167
1761
957
6482
62421
25839
18860
5322
39315
28367
44111
16924
59199
59164
58221
54370
98025
5489
14653
82054
78650
77390
59920
19578
76256
38039
39550
49709
43086
82672
81156
150
67840
42046
41580
12335
99819
20930
68189
57853
63847
10424
91262
71179
77415
50766
55444
96499
85900
17265
44982
61249
27806
1363
61747
79998
23654
62734
6963
43793
60754
49862
49315
42535
79847
43457
3140
12470
92871
96630
88405
46566
57506
2106
52421
62397
10714
20518
58666
41344
82758
64270
65612
26752
54820
22481
29154
56077
58442
8203
47225
49112
39749
81331
96203
81886
72320
32598
1935
84104
91685
58047
88981
40847
57371
48833
43412
44873
15936
86865
61105
17781
33461
64261
68005
59149
15068
17253
57012
28559
10554
73649
86949
12124
47661
12471
88438
98180
41336
98313
66042
23049
81415
15442
95140
27685
2225
60763
69350
55322
91141
71432
62309
12192
84099
87307
81006
69583
49047
22187
90510
9601
62316
80073
24477
48772
39511
47193
53452
51105
29474
18600
66541
60716
11491
82724
98166
33622
45269
50385
4597
50046
43261
63956
28251
68342
58398
8754
96610
61632
78608
16675
31558
76037
24473
53731
89573
92229
36164
3564
4425
89255
54261
84757
71011
21638
79257
35810
43565
76385
15702
26387
35663
84960
19650
6442
16387
73545
81688
18159
55128
42334
33210
5524
33572
3856
65378
21446
74136
17937
17438
11866
19005
90549
92663
50177
82586
65834
97647
96967
86859
64924
15257
95594
69037
25990
84086
32766
39575
85750
63841
37113
56349
29322
28636
83275
1944
2940
98689
68131
21073
57207
9104
7825
24511
94374
12317
50434
79061
62766
22071
30402
19998
89313
23652
98454
46654
4888
77695
21023
43251
24177
66222
37547
50492
42133
65426
62082
25973
84374
68581
13836
13017
72642
82959
27121
29860
72277
5522
42776
10405
6362
97908
48778
98652
22928
61131
6338
26565
22361
65013
29239
68209
46758
89846
10199
91574
773
48345
65150
9352
6363
16868
70070
53430
41167
6545
52879
58914
14383
20861
75932
37408
50311
53412
78686
11966
7772
15732
70491
13359
90243
61914
56276
8201
1312
11627
4263
41851
63677
99560
39286
37962
753
15862
91940
31091
68268
59850
12101
26788
7787
80747
68284
78388
71519
21757
79207
58959
23970
57415
95486
12199
35935
84946
28078
36306
57091
12024
42055
12193
23410
1246
22770
85517
77308
97245
37106
98133
53789
91272
96285
42705
37404
43763
92832
73666
45768
53460
24235
9956
31017
10031
39253
72356
94911
63291
12745
54506
96723
61565
6455
89721
850
41002
75784
92260
55757
91351
55355
89632
74012
47048
51280
70317
57531
68599
79
75814
25553
12786
46735
36654
33355
75515
2620
77318
92329
86022
73124
46609
27807
5797
56792
12555
36305
96658
68804
39751
70081
17522
52277
40053
27452
94665
595
28756
56480
51221
69753
19267
26668
1292
58859
23476
7067
1339
54014
78540
93504
98333
74635
97015
69266
75702
82381
10390
46922
50647
65683
10258
91900
79707
34144
63093
94329
6744
60551
85117
15382
97398
21837
484
1492
71467
27000
26107
97482
90903
70555
71769
59083
80635
95523
65446
31152
65725
98547
14567
65154
59306
99443
63162
67578
80849
46502
52011
35387
33573
7293
46322
45971
17472
40590
4193
25739
94114
68478
65593
22312
50302
48720
48276
39035
91966
2236
78251
47056
99436
86648
56931
20547
29468
59778
53107
71349
95859
23328
87149
54839
30951
4109
6302
15952
9020
87775
30431
54583
30870
96432
31872
28970
38324
49972
60428
91495
73258
53741
74237
85649
35222
87227
17754
66252
26049
36450
33277
38162
23
96058
76794
94235
81009
24179
57436
86962
26873
58664
31132
64524
77274
45777
53603
99359
55078
18997
2059
52614
57076
12915
26699
88861
18906
70215
41191
69460
83202
72652
26219
9547
97063
10954
35282
42516
39401
95348
22750
12509
4466
80950
66377
41307
4024
2540
4885
22723
80781
4563
51378
56000
13889
94650
33777
17760
55697
40441
81221
66245
90456
31192
22135
2025
23240
28768
49679
84916
24503
61515
85682
76455
22691
87902
30677
52093
54147
78050
1956
97868
37194
64513
40846
51800
95897
32414
91297
85797
18811
31961
13470
63308
16653
669
96449
40031
44664
59130
67128
46755
81068
72361
78757
23802
85087
26381
26121
3692
64622
12205
75893
71900
30188
49478
55136
76659
56539
62187
14464
30524
43640
87938
26909
34289
80884
19801
68429
6715
49430
46144
13708
21935
71235
62232
12125
57176
11846
13659
99157
73185
20847
15990
12738
33382
13345
69301
28578
67455
94245
90451
41086
14616
68873
96698
66385
92284
46293
19491
93278
29345
95933
93998
52868
43743
82730
11495
12107
32883
91570
30862
56187
83550
4393
11492
65866
50547
15890
66850
37321
10107
39085
69426
1834
39289
83616
45481
27382
51808
35649
43159
73044
70695
49642
96777
32290
12319
27668
83935
46895
78798
17390
44047
86770
63645
86947
14314
28465
39475
81207
8188
65892
11146
54130
63839
47268
8983
55802
87172
81079
66296
35640
8779
37415
40813
12722
78170
45295
884
33237
58025
31221
76291
92589
25560
62576
47270
17955
17199
48211
2421
53149
83847
83127
24228
59069
8575
17594
44010
12638
53974
47642
48154
64249
7173
86879
41297
26461
72562
5465
1899
4416
11787
69344
98442
75833
91962
8810
29320
13161
66063
74376
18881
39257
19364
84504
85025
36175
92777
7995
68750
89616
18294
57676
43215
95540
27718
36290
72359
33955
16700
56842
81407
30496
15062
61636
48217
4599
27481
46361
99450
4592
8477
14382
23008
94547
75948
86489
13301
63450
83846
3769
69087
84704
1532
21679
86135
88776
87086
69399
94210
81619
34066
92399
92257
71346
25752
16997
76377
56430
25489
75508
33202
33058
806
82651
9826
39104
70022
92245
17540
15623
54445
39570
65086
45010
11630
42696
56183
93793
91255
62099
35457
73153
99302
68195
33026
75393
70720
59102
39510
26948
54349
59277
61088
71844
60314
68854
82962
83135
77751
86875
56145
19615
14756
5982
72754
28845
4939
2471
34957
82479
37923
49243
69744
74158
83368
52376
98268
88354
63235
62261
72761
93193
5694
55732
80409
47945
3827
25419
10373
44186
84001
98269
32002
91729
80173
3774
75088
8053
96591
58340
10894
81105
13451
16831
11258
61676
18248
72923
22623
32389
14493
96550
74603
82132
66124
97684
11939
90748
86095
13244
68355
12098
85564
84411
83683
34325
41694
76768
94728
45817
81086
89769
45522
41637
88631
14267
16586
19445
25022
89438
8761
43516
48540
91847
51060
61158
68880
91392
14084
35975
91407
57625
72772
34489
98063
61821
860
59336
32468
95663
28947
22761
15342
36135
72506
96111
75502
66016
16052
29477
54286
17210
25472
10108
64525
46613
84317
88220
8911
50559
38481
65329
34704
4485
300
37939
24153
29893
94799
62394
15218
10127
38786
81066
56900
89015
34741
63898
37069
89851
69372
4348
98328
96361
96453
92647
94191
13772
20512
92234
92940
36380
12330
84584
50414
98179
80026
813
73717
67864
14500
66490
41375
93884
19697
1889
15085
2536
14280
65548
24826
44071
37774
74292
45730
88036
22264
62837
53708
68321
22708
49098
25140
59193
34221
58617
92203
26772
9574
65405
35396
89368
90885
18875
51383
34903
5805
36702
6964
5362
72831
91993
48295
27906
58034
64491
96313
95149
85045
90664
76271
7584
79860
96117
82237
99834
76691
25893
31873
39887
12597
9066
52877
9864
74732
90836
47111
16066
27192
56474
72317
39077
79022
41123
46301
47415
92901
92937
70310
47981
41796
29559
93522
43750
97373
699
58753
88272
20374
40295
15385
88102
60028
50576
65775
75418
47468
36342
31545
21661
88476
47633
95427
9508
41919
56867
97401
8506
89755
63925
20486
69137
82080
59303
60350
34822
83450
14935
84779
34371
12394
88674
99650
89417
87540
11838
7440
22844
35904
95919
17607
14309
74408
83460
74553
13533
58024
9098
73983
31121
56668
69496
44586
52753
96066
4436
34891
50461
84534
51653
9310
78873
34892
82474
43719
23860
96514
63575
34500
1235
60714
60803
61893
8345
12158
95971
35906
5934
80678
72676
63081
69543
81346
16654
37771
15424
50122
64855
4564
2456
1645
2281
81803
90906
56552
76997
41755
47729
38434
17965
16131
3064
89112
53812
66244
35823
22003
78996
45366
94361
75037
18799
68433
69727
62580
14494
52751
44396
41848
99882
78965
4735
51454
24025
87037
47406
29807
50936
80346
44799
75986
70141
61203
16435
70623
57653
76502
71942
87274
23658
8581
20902
47546
57130
12050
60130
92423
78482
80090
18156
69259
18325
56511
95942
13925
9493
54246
53944
91551
58013
41741
30547
80780
49227
60766
64479
40388
1666
71638
61913
63715
70619
36691
73371
93905
88820
41884
72950
97357
42835
54958
74998
3080
9821
83250
93989
22942
53157
26690
99802
51625
75256
20270
29947
99984
71514
31752
84352
77533
23360
70665
98553
53043
31183
36890
56356
36136
82637
68810
15191
43327
64887
25058
25666
88062
32352
1410
76793
24140
7043
43036
46427
3798
66319
11411
37522
74355
96206
77673
50154
53161
74273
79250
78248
73993
93043
69579
13902
93535
44104
57471
46031
59063
94520
22076
27172
69928
30
15816
58503
60393
93722
59448
51853
89271
14737
18917
73296
69318
99520
88834
44669
76147
51468
58229
97356
53540
14986
33889
8661
7179
305
27741
80067
42230
25002
41399
12898
39939
34470
67326
7636
14085
99147
59215
18786
64938
8243
24333
94557
10242
51450
2927
34644
74560
78300
86012
42070
21168
58941
56985
16240
63129
39408
70812
69514
90121
91228
37526
43566
83617
28033
40209
79584
9598
77115
28057
54168
41607
67162
79750
85628
94513
53503
47608
50643
12538
70244
34652
93972
55508
60256
22286
9203
84831
14840
3518
60952
81520
28483
81659
46158
66626
34585
43492
78055
68503
35770
93723
28726
57195
82935
16097
94184
37088
8357
64168
19187
98311
76531
7363
9965
1236
78174
76062
63605
42735
99187
19403
67955
56874
62239
60964
19683
77247
14877
12596
1827
82842
48677
90581
17837
74952
23992
52612
88892
38005
65204
43726
94471
55867
58120
2790
3868
55712
10838
36606
62112
83371
6147
23733
15181
61046
41395
44284
74243
85903
18797
39194
98651
70995
13390
69280
45006
74471
80264
16649
80210
73949
79705
41950
27829
8535
47047
70881
77997
36042
84581
45705
33603
74117
93857
32443
92241
31916
36348
88970
86782
89399
23567
89451
32654
36336
69359
51605
18533
42564
44659
15927
13120
50368
2035
36537
62426
10105
69425
83957
55076
80504
47761
67975
5911
6664
75176
40554
53120
87896
23438
82431
26987
7801
19558
12414
29416
76792
50714
90763
50953
86192
40679
47672
60248
45739
37624
15527
71668
52907
1103
3877
92127
88914
75542
34020
4876
10089
77290
99012
5434
49497
38827
23665
1626
29677
40979
21118
94069
37062
59955
99619
65588
7631
41475
20791
66078
39196
89122
73906
17388
38937
45581
41468
27964
40734
93028
52014
97815
22663
92889
33990
34264
86288
73785
97846
87689
95771
98478
79131
90209
82027
70903
10159
20110
28499
87369
496
74367
99725
7594
34620
18085
12968
95517
94526
10576
91280
51344
76033
74433
79505
11728
73605
87552
65177
71021
61233
1788
42551
83203
12061
6578
30253
32808
30913
70121
95299
50146
52307
95221
80024
17054
29067
26423
6382
53353
17121
81623
26951
3677
32673
15196
83910
78670
15018
19806
72593
96035
79771
46691
25202
60069
27004
33216
21329
11732
48137
67990
45119
35970
20713
94441
99486
88290
48388
4241
74423
35731
30898
7388
18097
62560
98896
36953
57096
8181
41728
66440
92159
60364
337
61942
15198
6634
34584
27822
28513
9202
45180
52742
92427
38855
76327
65592
13841
10598
66051
26559
64659
80996
89867
70621
99771
86478
53858
34578
43756
92890
24403
30814
11737
85014
93324
49883
85120
6263
98766
29500
76052
29180
13165
1982
19524
35830
55102
2779
31066
7414
4438
85355
55735
72733
31628
67074
38659
5751
94350
1264
5338
51687
83392
51527
30303
1321
26925
88369
29097
7071
9313
12770
43046
10296
69322
23249
85641
59264
55176
94594
90557
87660
8459
62046
65253
58764
54948
21273
55774
23356
43528
67328
75073
18715
41827
18258
35944
53532
27424
6745
13798
30751
11736
98480
63184
64975
22162
91507
80852
67056
86400
96607
81665
59698
52772
25337
3253
98602
14829
52858
71019
92233
42670
96811
15393
77904
42593
63928
19818
24764
18421
72062
45355
62220
2875
69710
72400
92685
99425
58521
57948
83975
35981
80334
55871
84397
91645
13771
5299
42853
11234
28017
93468
61564
55870
18941
23416
52661
9555
97489
75328
10582
63557
44634
55172
72312
20190
87208
50692
67451
96295
93259
42537
83458
44330
85560
60782
66690
58022
13546
53567
73100
78703
31270
7885
8752
64640
40251
93174
52188
79601
29550
53524
97966
35164
31748
72208
65026
13253
58082
76375
96296
87313
30023
86804
37373
24829
10059
31037
55080
18201
29584
96021
54012
22231
56629
99107
69154
53915
96408
185
67951
761
5795
40360
58786
16595
87501
83832
76359
35885
82050
62448
66859
66825
2073
13965
97635
56532
6301
72521
54433
35934
92006
55447
64262
24437
95193
1893
57347
7793
72781
84652
17629
13074
90164
5827
3072
75431
45290
75171
14378
50168
83764
65718
79260
6831
43858
80816
37217
50634
63139
35928
45584
68779
35381
91229
32778
91883
24094
82613
80947
56376
86313
51865
17984
43030
84736
47829
22393
93863
52806
9870
48410
78663
48503
38252
79695
20714
83444
75728
39802
76251
84074
60357
93409
36711
3100
45252
24933
28460
34435
41322
54248
38654
94662
47274
77353
66310
83642
20274
72777
40375
20623
97022
66522
38771
31994
78812
13661
2095
27249
63103
6953
74574
24628
94065
27355
73535
63387
9312
72918
78260
78667
10967
54400
22559
27839
81319
30481
37382
58656
82447
65133
95528
17913
64106
26488
46154
33983
39821
48069
4208
69375
39976
7399
86786
31027
51482
63976
34
55996
65603
63300
88254
16356
92949
86692
49579
81267
43754
61135
27173
87831
24409
52634
10363
91237
77177
96007
68210
80715
47915
46596
61700
75525
13380
89290
42150
19439
51006
70506
66090
70192
27677
41642
83028
60131
8845
31187
31591
4380
1391
43970
74902
76046
8253
63022
3654
35741
17865
65415
28554
90770
68063
99810
95079
81053
86985
43394
95658
14978
19039
61613
49892
23743
86485
56813
89951
51458
9768
31479
79964
87284
4515
4215
14744
87112
7561
74067
48493
44976
91865
64243
59094
18020
36643
80559
97387
52829
90304
94420
54362
97333
58346
43602
84232
46936
40247
20328
87159
56652
21951
61606
31805
13483
61450
85983
37115
20420
17950
75604
65507
25859
41717
44187
54838
56879
65626
98087
91470
94600
64166
2096
3417
39061
23080
86320
26875
1637
51682
66465
38121
67683
57392
84235
12469
69565
75754
19341
43910
48181
1171
8268
65981
59356
56105
57637
89191
15074
91556
50911
98144
30423
50510
93120
99958
24338
80380
43524
94649
2791
2849
67044
75081
89382
85000
27866
24717
42779
36089
53729
34206
91434
67212
81550
59615
27931
95824
3252
48476
28221
92274
75705
11142
49326
11884
5572
43076
2818
66855
92412
19864
95944
79103
60390
83190
56685
84733
99541
83998
15081
3984
62968
38050
73844
70044
36685
2084
41354
96576
26953
16108
3511
1568
14431
7613
4112
20268
82133
2920
16025
28309
54903
24341
897
52051
78203
15552
40138
30268
35271
91810
44899
58991
29599
95109
43962
846
75427
36813
59211
14264
15806
63352
74195
44369
86370
94188
34277
53649
67123
18050
5450
34386
14134
20584
20058
8568
52589
52177
19964
31004
77510
34372
44861
52221
30788
22164
89749
54205
78721
59002
24965
35120
64901
84002
25969
97158
81670
99028
30548
41441
69498
32593
70849
75361
7598
8499
53647
9682
24605
62173
18898
4524
55287
90591
158
18105
64515
75701
57095
75316
98102
68647
28738
41982
63587
4960
79021
99850
1426
55420
4283
65679
91226
34447
25663
23103
10298
82160
22743
22953
64719
80109
25661
48023
90024
37797
2906
78732
50305
70935
9799
23700
73656
12585
94303
78219
9970
1195
11522
94425
64605
45859
39007
53209
81640
60124
63902
54980
3579
67195
13392
50801
81007
86101
96456
763
61083
78304
58918
17656
84184
94948
28377
79759
92067
80757
40145
4209
81012
28461
43933
94851
95538
65694
578
82773
75555
78206
53265
95022
44045
30385
14170
11404
57338
291
19769
62162
23545
66913
82363
22874
63026
755
30851
61430
90073
53287
96670
74578
77762
20925
49764
13241
83352
75339
51714
76151
43217
22710
3594
54448
8453
62607
50038
4470
96543
51489
34219
725
63549
45175
4492
28384
78382
83373
60864
38377
42469
86760
27963
75574
62063
37278
57582
16289
87395
69337
86487
39743
4382
94472
78192
8132
40196
86102
64759
17166
62212
19710
87209
84369
46160
66552
85505
89071
52703
83463
79517
18495
51008
51734
57709
78319
49411
65905
64290
6785
16293
94495
17445
46899
9722
82727
57575
35813
88
75973
35104
87646
6427
82244
73793
93677
10606
22915
83630
4049
64176
40705
87058
81325
18530
2447
48088
18004
19816
73180
97575
91424
21594
33379
14983
24434
26334
70616
44128
18725
47807
8200
91942
85621
15340
34189
26871
93843
94584
52172
38578
81311
12993
32980
36715
69500
5603
77234
6696
27436
45740
16533
87352
43637
52685
95997
88244
80784
97062
14039
63960
40027
60628
94432
27716
15472
15640
91576
9186
39560
14288
93038
86556
52062
88779
68491
29196
53568
22363
5090
23603
59202
76569
61020
72330
40253
73114
22066
3310
63332
39936
2718
64668
5749
66801
99011
93936
16040
21010
74185
11571
74119
49343
9863
96306
74754
99041
27837
30669
49672
47990
68816
12766
33820
76573
50060
13208
62763
29523
16779
17736
18069
14772
37368
78729
8217
32982
45787
30331
52950
28184
92193
96180
65368
34522
60734
46584
57336
89040
56911
94679
9427
72998
33654
19704
67388
19089
97432
18549
4275
55034
22303
31691
2747
50362
49156
99252
84257
82744
89827
46099
40782
4452
18910
11047
49656
62133
17426
11981
95853
50083
60508
51702
41273
49789
79800
16515
91611
7562
23803
23948
78819
18295
15635
60108
97209
34413
39416
47671
98055
71971
33617
9482
48027
86512
81536
70386
72644
70092
16826
57253
86604
47724
16354
94250
28403
67282
35611
83235
83960
32948
10214
92963
25075
50393
77920
10877
40355
46619
74329
57711
60916
47239
71690
84758
81249
95683
58799
95667
87247
82973
79643
89641
66077
32275
13261
8549
40965
76090
15404
66676
29409
62954
45646
66571
69820
35694
95138
79214
93374
90612
65871
76742
62558
24756
23437
30421
17545
68273
96270
3923
10466
71322
46113
23431
71470
27200
14717
61280
24679
49989
52128
68369
41192
38517
45822
44892
15402
90420
980
69177
90132
96574
44020
33231
43830
34304
88976
22439
52640
32114
96778
7194
91177
5737
78175
31902
97629
2232
49272
94887
88932
50501
85304
19211
27335
92069
73722
33700
43833
69121
58749
44018
97414
70694
9391
64297
98010
74997
74933
87189
95482
97440
10205
11561
98594
89621
46097
67607
66361
43661
83061
45953
70771
88682
68501
86287
83357
9314
80182
77804
77889
27162
17405
57714
68755
75046
39728
8511
75093
22876
10817
97139
8885
88180
39464
30219
40518
10281
18313
82606
31751
82764
77513
44097
30227
95721
74416
70268
17536
95443
13003
18519
23447
50798
90122
58805
39430
24745
35703
89822
53243
25770
61707
37292
2774
94602
61465
45361
31750
40743
33287
11611
16214
22371
84985
33105
45827
6049
85139
30597
64665
55915
6124
67993
48417
99473
6407
52099
63995
25484
3118
3006
45111
34690
10167
10689
42936
2904
76185
45571
88762
90846
42455
73413
93047
47236
57429
87737
83841
64097
91071
20610
32346
6258
9944
61404
38042
79801
30656
36800
25689
96409
26308
22127
21903
40823
22026
14018
44134
73237
17510
59600
29034
91212
27156
43627
57872
97894
61771
5165
39053
41553
61930
49173
25269
1853
22131
29141
32274
98158
6651
93282
35058
72699
14987
39930
41028
77348
50378
21950
36375
46577
30822
9827
25098
40083
14333
62042
69623
37556
80645
25958
31946
6817
3897
85841
57825
46068
35180
82703
91436
4261
54421
91568
86630
51230
84894
15397
79246
39056
52837
82559
99597
76354
27828
40871
2266
70001
51666
89268
31533
69047
75045
77386
45028
40736
63355
28177
41569
35479
36585
98327
6547
63161
32310
90037
11304
2815
42738
99349
80702
15918
91511
3266
33299
3474
57364
99415
66448
21255
67992
74435
35109
10087
17183
88001
80820
12880
39828
76467
71307
5928
95714
48380
9575
29087
51494
21563
19858
1192
11381
6892
99353
61521
43292
85873
63990
18373
44862
14679
35019
66725
57132
15832
70752
25963
97525
52621
34838
15024
72686
38841
68687
697
5924
82226
62507
42754
12455
95268
95551
24845
57279
93425
3723
2703
99085
60115
87234
47382
26378
85728
54978
10963
8383
17222
96595
77429
6749
86364
46779
15300
98980
51303
39577
7398
45194
62782
92271
11842
47593
50181
24376
86676
72479
23729
7338
10013
67771
30165
16531
55768
15495
93744
71511
768
37207
64871
38086
70194
4856
7387
97626
72727
86159
3832
59855
14582
77934
91383
25741
18404
57397
99357
40411
88641
81733
55835
39166
93014
35325
30470
79488
12735
47806
40681
8054
88586
55728
8441
89320
72064
99700
8628
36340
84125
2640
22075
94891
3524
84753
3954
68830
38222
27698
82284
95210
91648
56431
51046
52007
28171
77602
89671
1632
22001
20012
6092
18230
41308
78079
76300
31671
10098
51729
30258
16921
41753
97974
562
1605
85772
11876
3359
42950
13900
79509
61928
1003
9219
36240
37987
87463
96124
23904
55142
82812
11056
54471
72244
99517
43166
11746
94322
20014
68380
96994
69517
90361
2504
73207
37882
5708
15055
63827
56275
88116
15341
98101
2349
20721
76323
477
7848
76564
49292
85536
39029
1618
96358
74737
90244
42706
48294
84803
6952
85671
68264
98152
3758
62299
90620
5400
81465
72313
20351
86735
3018
75889
3550
69695
59450
7004
13890
51477
18163
79120
764
63211
17579
95379
27529
78463
2228
74032
32645
29243
11963
18048
12163
32417
36085
90814
13320
47591
76212
35444
27989
9425
71473
19563
220
93319
24284
31259
95783
86583
31184
55231
84237
49316
34297
76145
36579
56959
57107
37087
40001
30792
10785
19000
23408
7332
71468
77187
41019
38146
73353
37872
41024
88668
61190
56165
47132
81788
44860
76125
22506
623
72151
82202
2291
88502
10494
38773
60060
69871
96457
44183
61282
33037
70125
5823
82879
17756
90048
33446
29627
14024
8075
14533
75782
20
70396
85962
49493
93005
80270
58288
11048
92713
36766
44950
5642
14010
19732
96768
30876
34013
25670
89915
93240
56837
39937
82551
3961
93856
44339
81362
74802
92750
22156
87110
24684
80940
21097
32683
31608
68866
98939
65598
39610
49182
25668
81567
36024
328
18787
38596
98663
59782
8237
75829
28803
59847
65873
30623
66273
78545
41348
89795
51080
39973
29156
33404
18995
88882
3684
21778
91206
15164
52342
57843
9513
61452
90289
22453
2535
11597
64796
88796
42005
82590
66048
61827
80247
68919
57182
82602
79112
79918
72714
77970
8056
57266
97989
26119
83956
49798
1586
78430
54117
69314
29505
89791
32589
68205
50548
48987
83510
49893
94535
40084
68254
99384
38536
61996
58098
91087
35348
71124
32813
23196
9631
76790
2097
60873
29730
40519
49386
47722
30152
33623
83708
97907
83076
52387
62362
54354
2175
48125
79233
71175
33280
50160
12173
13675
70877
3744
95317
69961
99751
30408
41432
67309
5994
32723
4307
45412
49644
72197
64713
62035
61640
8672
58106
71920
37299
42576
85343
71025
10919
19545
50515
49205
56230
17120
8671
39330
20359
16292
73766
67078
31987
1295
27650
69631
1981
67701
5141
14872
59858
70171
11883
74517
53553
54773
91520
88225
20391
10680
43969
97417
61027
92942
39204
44365
56653
64447
98380
70543
96633
81054
69034
64265
72753
4750
57329
18041
68833
84110
61548
96171
72724
7307
27987
57839
53261
5813
56671
59501
9639
65492
51465
35920
28528
20050
21854
49962
61910
37854
51976
78241
20510
52531
97576
30511
17701
58883
47689
31601
58230
57779
68243
22011
57517
37739
88218
4880
4742
63044
6483
42039
19442
93855
48218
48946
70450
41591
90334
44604
77146
57982
12587
77938
13725
82243
36902
15978
92605
62001
95382
21123
95596
42430
1383
33383
60000
92907
48006
30562
31124
65982
86992
94963
60813
65632
73493
83410
85875
49600
12887
77850
79422
32025
34193
26436
15200
74294
49422
75761
20407
91397
17175
33259
63706
95969
81069
66583
46023
28451
67224
54053
24600
67499
890
34374
69245
15607
5899
84997
16160
49083
30067
76512
40987
97807
62437
47655
27674
14808
75429
64996
75613
63733
16942
42428
12085
22143
80909
30308
8289
47621
33540
40761
70918
37122
7923
3467
99432
93478
83628
28058
91144
21120
80819
17432
98591
55740
41962
68309
57552
91134
4465
43069
90047
83339
58996
82605
25460
99568
3355
18314
24891
65468
56048
50212
80825
77670
94756
79760
18166
61608
59846
29211
55501
83700
31070
57868
78665
81943
1973
55399
41757
1007
52250
33097
7659
81354
4676
84764
83277
26700
54230
54402
54572
73663
51271
39721
11903
17004
81686
59398
10050
78510
30630
80418
25198
77894
7036
18888
94925
40304
98332
56133
41125
5509
45570
60566
95186
34798
94394
21333
71313
43656
68656
80660
51770
96831
30199
16853
90321
14409
16490
15505
79519
13915
953
53625
54760
24973
74865
8644
14924
80491
62994
57891
34024
78286
2667
90396
49266
1105
43143
27735
14537
73898
28864
88817
53077
42252
35615
42036
54146
20470
40394
85595
912
59129
77739
2245
74315
92208
83273
81881
86599
12725
92013
35463
22275
70850
37374
42281
46538
66325
37839
2424
86138
69842
54255
79480
20785
98554
59755
65015
97536
66912
68606
21835
2031
43128
32333
95153
81761
51213
4598
17812
89206
63541
38744
93189
20387
38077
9451
78454
89021
26641
4871
942
72125
18961
92175
20622
98709
68821
83486
88620
47580
12364
44991
96266
23489
7420
4441
37601
94391
60345
23688
65107
74739
69930
29002
1886
17002
62879
83197
51018
50711
5473
90742
64617
28297
40064
5839
90888
22017
56283
83372
37711
8954
7927
38623
21356
77817
61460
48876
87010
20363
11141
47466
40500
12130
51129
73794
47010
8470
2361
51705
40016
39640
26101
52762
6180
21087
96517
97366
44205
91616
81814
96906
62320
81631
16811
62881
83240
23449
30428
52904
70594
11742
80738
54743
17280
57462
46732
79162
12753
71143
1570
58602
98141
80118
56152
79199
11282
61861
37239
19838
39670
48395
86475
85688
56971
70207
83442
80668
2735
95606
61124
78313
514
30155
45262
40264
5271
41075
81732
20334
66265
99602
56248
59861
12477
18220
38622
85736
41988
23851
40231
93114
54199
96626
19286
97486
69166
6169
72411
25141
63167
22100
28637
13658
80778
54828
61750
94967
7508
8177
23748
159
23679
46499
72970
16175
11781
87542
53511
54813
37936
92834
73739
84267
32956
54389
75217
11006
18128
52136
83903
81595
65444
74883
33852
7980
21667
94868
75363
21226
38722
76074
84608
66578
41844
59429
27283
34605
60026
48228
1375
44544
67739
35138
55686
29304
98008
8340
958
39944
53660
89373
30347
97406
81713
79087
56323
27907
58622
73071
81327
37913
1230
37000
34312
80159
30275
74779
19627
44651
27795
62927
32096
76503
96100
64100
54834
91371
2391
68841
47509
6802
67937
31933
44989
61532
49202
23759
1536
85504
28028
55237
18647
11015
41239
96304
27834
65854
61363
90101
35449
69618
32742
66671
73422
59814
93436
91221
7729
2222
85869
78357
20300
56667
23145
99686
82558
39023
9700
51039
93173
34732
76363
57918
97380
18978
49822
8931
80440
80257
1762
948
6146
11902
33583
53294
34251
36003
25242
84356
12876
91513
40089
63018
88827
93076
10543
79984
23501
14922
1445
74029
91663
70137
20667
23670
79808
53827
99906
94693
82521
94840
92393
65662
73920
76652
96043
27209
95070
90709
6085
54302
16226
2343
92982
32693
87125
79042
40257
53552
33969
35314
99866
13153
35756
44367
16210
61654
32486
67145
39693
31898
88896
88825
36684
46971
50436
3457
23248
54079
94775
44917
44028
92319
16348
64146
40368
26815
99757
83184
43122
17375
97106
9212
74264
62242
97036
5071
31684
87311
52357
67066
35312
84407
17177
27408
71676
67374
35370
72010
42532
6408
72500
276
97229
82238
13672
80415
5533
99112
68052
37435
67442
21165
45601
10081
2322
32140
18144
93102
35106
45108
62319
19392
38682
17704
9077
77379
12818
37454
77851
98781
37664
14495
96684
26805
32832
85354
8910
30805
59654
48076
61161
17424
43495
68522
37355
14199
9672
9809
29602
72883
58549
3482
59531
21740
64437
86356
322
8420
47744
42711
25959
20889
63111
98795
31339
90663
97563
49355
8254
19292
84657
21930
90660
54121
2306
40362
41822
94216
15794
9042
22551
18191
90153
34936
70701
40369
79067
24390
95107
3376
67139
24937
22535
44625
16683
83670
78728
38254
88472
81956
50944
35276
2916
91565
60308
38211
47636
90147
96972
54544
43751
65139
45617
35606
28325
43884
29957
33111
60790
32454
49766
12102
7023
34194
11600
56249
34083
88556
44712
35669
98724
49223
21710
14695
53258
98612
42603
14076
46217
343
69209
83837
30276
88372
50688
41326
14113
31426
15600
25392
35877
98732
5662
88105
15316
73544
85446
42309
68464
90152
24212
44674
85252
31529
54324
97435
51855
73590
81015
90588
56363
86170
42989
38079
93560
71679
8736
55617
90150
10304
99572
85386
69374
37361
45459
21463
7060
97972
1133
56013
9083
37559
38971
16886
70754
97898
48324
5298
1283
5914
2633
53297
58044
5628
62178
25591
65681
78644
90284
33420
53602
11089
53151
78259
42647
69106
64344
84255
61143
13093
6541
92635
73595
18087
72517
10601
25124
12543
5211
57226
67202
52460
96649
88554
46377
14116
61332
48893
96126
97391
94881
55555
33541
87400
8038
71188
39093
42479
39270
49943
96721
65734
52470
45547
17930
91117
65636
7649
57577
90274
90804
10628
92858
2752
44408
39666
15420
43371
8722
21277
18040
49877
48411
9804
5958
43271
9010
1123
74056
61616
37953
16164
45982
54460
57550
38756
68631
43905
42003
78708
67006
19921
75564
65375
35117
93740
62202
21790
17646
60177
74183
3629
36783
64576
59915
19325
36066
22792
98642
25478
38489
57900
66241
93198
89375
78568
55860
56322
31918
80438
27864
85079
57706
25331
49164
16855
39363
20394
14505
60675
68281
43198
29503
56181
67493
60332
38291
84231
36704
5547
87155
49585
21693
37101
15324
81591
62606
29298
19925
54412
11122
26904
54979
77816
25843
47721
75811
79485
56785
43401
22977
78284
95732
26072
11318
53259
21431
10741
59163
65161
6522
7611
52428
83626
48541
33845
52593
28477
13778
76986
98846
67828
51429
66739
79010
80005
4372
7019
7701
56315
9328
62626
49738
79536
91607
31016
68593
13963
61443
51639
15222
99828
22855
86214
56428
13323
66915
97298
51863
97736
38044
67097
17473
58163
79500
91821
15643
33034
36022
14219
34541
95106
11364
73588
66681
29853
16303
69894
35384
65383
23457
810
32340
27392
95557
2673
80355
89127
63949
50924
3507
31575
34370
97625
97464
82661
91858
52722
56172
45160
60528
15584
15013
99922
48377
97064
50603
7849
8783
10586
29906
76806
61850
25778
94858
43459
49856
65661
49145
25773
95974
7274
47401
41951
28777
92566
96107
80910
71633
45789
44518
2072
31086
14868
89765
95962
24120
30888
95718
50178
19178
7963
51276
87570
96244
94647
58023
51606
77689
69436
92670
62428
53982
40876
4442
57524
8987
35458
96310
64026
43448
81286
71390
59545
7821
61987
30124
12858
4972
25409
35866
24327
26286
85957
52669
67404
22642
65145
53751
28645
30146
83474
43347
46715
36161
58206
75879
32695
98487
42364
9215
16762
27730
937
45640
79312
18237
13441
68652
30633
46486
55473
88868
46690
6640
36448
53281
5743
30013
12845
18
8174
83154
51027
59268
51589
32149
47980
89293
9412
10553
64837
72184
87494
66673
54550
36737
25515
14052
55886
79407
10334
34612
61114
87302
28299
5048
14086
32718
22819
17420
95607
56090
10869
69081
5285
88789
75004
13755
57290
27909
64585
17298
92354
53392
52727
55480
71794
7545
4749
49154
69480
25864
91964
74098
37241
62274
11998
75498
51210
45302
90511
17838
75714
1573
87557
26816
43108
84261
45702
31312
10589
82917
28207
29829
84119
37243
73217
62068
44140
95571
92965
76207
65042
24755
17641
78414
1517
70145
76744
89947
25443
99531
81019
32353
12400
15614
16744
79979
30936
86765
96085
48241
32676
8945
85788
2401
53152
19972
65381
33080
69954
22469
1350
71568
30771
6845
81018
98492
60617
85036
37975
61711
13506
20991
96309
62816
53339
40815
5421
66449
92668
18074
46457
57824
30849
5323
98149
80001
32100
41157
15269
28983
93218
61263
67265
96437
14205
91866
30021
32776
96572
31550
27213
48690
75657
19473
32769
74503
62757
8518
22648
62960
9580
91315
49425
60005
73750
96379
870
68258
91527
90584
82888
95054
89401
54023
27230
70989
45195
49193
57497
39481
56478
10983
39999
51642
31161
61096
45317
18078
7428
64946
76875
59098
28145
8039
50075
85870
26568
96258
13220
45566
53755
77302
32916
64564
96696
57519
64458
42739
58476
45076
7938
82308
90018
5137
73074
12154
19037
84965
52217
366
48594
28049
67926
92197
77271
61224
38188
50466
11223
8002
21370
96424
68674
69304
95357
31699
81499
15672
72247
82043
40491
41135
11723
26745
30979
32929
9992
74526
21868
40525
45590
75687
38275
81549
77278
96114
78662
41533
84808
8151
72003
82537
40910
3870
10583
2641
59607
23118
97132
15106
3900
95289
88605
8968
43080
78218
97441
47122
58709
51034
79662
22890
92113
57736
34134
20685
46085
5403
9073
7899
37095
31919
80068
15822
35888
13510
79616
85767
64655
22645
50669
97355
92020
37616
14009
7764
26044
24161
52222
39658
63424
99995
88526
86527
42584
11676
43470
15549
78512
43456
50731
10655
53472
65062
22584
15979
76110
16673
23660
34070
30440
31123
75950
55683
17873
38070
68223
8739
53545
81921
93232
13949
91968
20822
76956
4242
8848
93336
56052
95703
99098
89215
33631
31602
25214
77864
54474
70603
9178
25284
55052
60479
55436
99269
40287
87322
12451
63389
2497
96336
64677
85935
85406
69578
60253
90429
49790
39688
69124
66240
97438
52861
3967
23505
88128
48556
32577
62036
73574
62714
4916
71043
44261
94312
95775
19486
89825
22045
94491
48196
24245
253
48830
60726
59843
2568
85318
22802
76830
9609
59591
94768
26329
87830
91265
35684
76722
64114
88609
20452
20315
54804
20211
36397
80393
83036
70517
46790
71912
45098
97434
15466
96430
31036
34398
97985
91485
4796
45085
89393
50587
55068
44454
85630
59794
88485
52765
56120
96542
7128
59687
63365
67643
72396
33082
5092
99386
16557
57401
61798
98216
23211
40066
75487
28070
5426
58041
73718
24480
63520
45192
36470
31634
8466
42991
14611
34650
80722
2485
54890
76958
20676
71729
18704
91776
38328
9264
14958
65441
32022
17477
82599
84087
68725
70775
269
76314
45774
33391
68229
82833
65459
44494
55817
13459
2686
22246
8512
91002
81804
91718
61133
10073
61142
15464
91374
69665
75895
96252
79845
43021
21383
8960
509
58348
80601
67007
85035
16699
85984
22322
8940
90933
93192
80022
11278
53758
65827
39822
98680
12607
65118
82122
4424
30239
59272
5590
50138
72250
49126
54342
21863
18740
7637
99759
7030
26135
1086
40386
83160
42020
89630
52447
98930
2970
17329
90505
46488
28401
15723
16674
96402
12629
63760
76075
48546
84392
38343
49870
25062
83166
74899
74196
40718
7163
27947
40704
15604
11292
70303
6116
41661
21291
25659
13090
71772
55519
92616
6234
19836
56970
51064
75619
69317
99372
39807
19226
98805
93046
96155
14207
8439
83995
97152
87711
49947
54125
31080
21126
18515
71849
40831
89860
7384
51164
96498
7924
39932
97377
60384
90512
50123
51885
99477
14786
65315
72815
46842
26091
25764
18354
18829
90608
83524
53406
37124
10864
85716
1556
37312
38485
54257
85512
25229
74175
61361
24844
6133
6274
75936
4684
73755
2816
65314
93635
99928
3261
618
51208
61912
35736
29024
29032
61953
47349
42110
6215
93412
6378
14157
89279
13853
59353
31623
59962
56723
33941
202
51504
5130
49896
57683
28054
5671
33873
31011
24126
28939
31084
794
1530
87594
46963
81744
49775
34116
8291
13018
56378
86641
6729
95735
96817
45059
58195
66436
37720
92563
56085
66533
38800
58399
84341
44424
80082
58264
11130
89102
58612
75313
50881
99494
75381
39018
62218
569
67705
18688
69427
3521
5267
74174
31723
42857
24189
65399
15276
54575
85388
34178
39448
18223
57755
15900
77341
57759
27072
55258
17928
91896
63230
75448
56664
98935
30975
67435
63146
78727
77948
82387
38088
39889
86145
68447
35356
9148
43584
25660
39995
51100
88323
52551
47959
77671
96903
86957
59992
56990
73938
10269
11448
95091
2625
20801
25974
13971
13115
69927
9157
95800
72372
67033
95048
54447
29429
54670
72380
75038
26911
2804
19248
28411
72948
71187
14555
91615
14676
33699
728
98378
97674
38719
77669
3721
29950
16123
16622
93600
20992
10888
18545
97806
11638
29930
20145
11479
48037
22968
23599
36696
30914
29791
96352
92614
9330
79514
21802
79396
81821
33281
56551
91853
72507
1159
3902
23945
66350
18072
64376
83613
63294
35710
36247
39262
75058
50972
18352
51410
52126
3602
59760
70577
42037
64770
62210
64450
13444
88248
53309
37794
49588
42190
85813
59512
76902
94511
53492
99033
42933
36798
19338
31238
60625
22016
19817
3244
93346
73167
20170
9139
81694
85102
21437
43427
18000
38568
7692
76618
92450
33651
79914
66835
7357
69610
15866
6272
99001
40915
88516
58847
32785
29162
40184
72236
76411
54612
53226
7961
60660
53920
67338
18528
80385
70331
60662
13665
63643
97078
79369
38954
33578
95452
86344
99982
87584
11943
45975
29875
75135
82143
89535
161
14123
14764
42785
14870
32597
1812
18848
7688
89663
23140
23968
14139
18323
94549
9560
19012
2787
37038
78624
50463
18876
18620
83652
68266
90871
21739
63245
15075
12790
78762
75047
22036
76321
7313
2708
19574
57408
90821
94493
68645
196
64034
4175
99693
38185
51490
62877
70263
24742
70962
41583
7638
57769
62925
96094
50166
1566
12398
8013
85350
51342
86332
178
34641
65469
21138
29710
36208
77462
22981
41286
11663
47741
34492
27938
73893
80836
26682
48341
77452
72946
75890
68924
84244
74646
636
91649
9576
90907
46302
91596
40934
88250
65303
16299
2796
5232
8026
91546
49783
34486
16158
62665
19751
71728
95339
3404
20188
68218
32947
76448
27928
42159
67954
12958
49632
64015
58309
31733
77620
41235
37681
81460
83725
66625
10511
3903
15116
81143
91919
43569
88265
29737
73865
52752
92322
15071
63176
69438
48064
96880
82994
96147
57911
6135
90155
84324
66354
27463
58415
1746
4005
73909
29039
77781
63356
33235
67845
19805
63369
35080
55545
93136
47367
56351
16953
59927
80718
28449
518
86965
1190
39559
28362
26006
66871
79997
36815
47651
12081
90076
46471
78291
85930
96176
84909
79905
82130
57062
79478
11199
54910
67076
92516
35006
34757
57620
86269
723
70449
59490
7910
44144
25734
33122
93369
80874
33049
39230
97261
64030
34451
38778
77461
71039
18332
94218
42859
89322
66292
57223
47001
15398
72696
84839
49071
72953
99077
87279
71627
2454
71451
31473
30855
78641
15416
32459
36405
84128
9270
43994
93928
56832
26349
61579
68386
8364
56670
82008
80305
70367
16641
22349
71640
79467
50769
63102
83662
23475
98338
56827
58418
37769
97241
66518
7348
86629
46065
5512
57611
25557
5091
21062
97447
833
76432
92059
10449
29934
32532
16457
73266
67164
98992
32926
43863
31845
64058
92232
1817
99889
58605
48990
96009
17092
95753
43915
62332
60522
73470
86047
63585
62591
41649
22458
11851
49321
13629
16718
43843
23068
85657
23405
7250
68700
90145
93945
74873
38083
14121
30537
65132
97086
84124
80328
84440
48533
33630
93380
13294
61716
31304
81420
97073
86864
46346
95059
63838
74822
76886
93694
9987
27198
66744
34696
12393
89400
9483
29937
97115
70496
48771
46314
90920
61407
62726
89001
61196
17839
50086
61213
6367
35347
48712
57185
24188
6182
3650
66587
95453
99795
85175
219
65156
34000
94560
67312
50053
68092
22333
57250
58628
78844
39981
47326
65696
38762
74286
45805
79946
19911
6681
20020
57001
70960
60189
81438
44105
23002
2594
81547
16281
19285
61971
62164
17828
53381
71259
8457
36424
8854
72068
13064
13691
69735
4142
27874
78273
62284
60610
37468
50180
97087
33719
84677
2930
69797
48220
97738
8060
65382
23188
29256
70157
33575
93980
24647
32970
6416
32668
5321
93454
80238
38804
28668
91971
69527
12598
43127
95450
88443
78439
12575
14246
41869
32457
99516
66952
73005
66429
4887
89027
59874
60490
46634
76111
15389
3131
19686
32556
93312
50316
34593
63982
19281
60127
15373
91869
27137
53860
42341
34912
82589
78271
78930
39404
12114
87488
93507
96937
7982
98405
15830
71230
64795
36455
3917
91753
11708
65256
84473
3070
67854
95914
43050
72514
31787
84388
44704
27356
92642
35042
15215
6231
29642
61377
94388
85005
25236
62321
60040
99433
68684
16742
12942
32804
46530
888
99453
18398
62253
4917
46594
54894
36988
71283
58319
23619
53787
63682
86540
6240
53734
60254
68978
42167
33991
50264
92079
33405
28913
56656
91029
79426
55487
96322
71961
36214
37236
29848
80961
95712
82215
91963
48402
3101
3465
89964
974
77848
20488
67969
71828
35336
62452
74193
48652
89604
48824
18385
49387
41525
85889
81545
26541
50044
83949
74927
19512
36156
37074
54917
58370
37153
70087
92739
67031
95694
16116
26665
17743
74133
30873
50353
13040
61878
64988
36884
17506
14169
2797
13156
34951
14312
52332
50795
64161
68843
68021
24601
74864
18510
11208
53036
48055
20640
64407
90671
69689
59880
77836
37171
20296
37364
4491
87700
79027
32122
15782
11589
19844
28277
24146
2316
15851
84109
14834
30902
8229
53795
43572
77241
5170
1574
39336
23703
47537
58735
77201
75390
73069
42270
76904
18652
68533
46980
50885
29509
14596
4607
10114
7544
68161
226
60852
35116
6854
52675
99122
87882
40533
78167
68075
67040
53558
72913
51162
12892
53711
84093
30026
48169
91625
8478
42676
73767
13476
44999
21382
47918
60450
22907
71625
20021
71314
13970
91325
16307
17584
48940
72335
80311
30094
89996
24952
6078
50706
39876
32702
86268
23254
65890
92210
67213
21639
66932
75459
19168
81544
56021
28536
38618
6340
11191
84602
77706
60418
90955
64798
82184
88141
77644
5576
71156
83736
11356
34290
53985
39782
78506
75760
56505
10739
97020
59556
29358
7255
83961
749
57617
58168
76297
57705
47548
4709
48152
72357
91263
91974
37258
68056
49230
8328
1937
52092
95037
84347
33841
92851
62839
99067
52201
8652
76406
75530
69575
63496
29515
73695
15819
8712
92927
36067
9341
33460
14452
10914
92022
65996
79303
13840
791
82257
75283
99533
88850
54253
78848
13
61780
66693
92860
35575
45674
7724
12691
99970
16351
34551
81441
38131
66285
36311
35980
4719
2189
82923
73856
94284
29579
97666
64923
58501
34662
45121
78252
18157
89136
78049
56695
81642
77539
33414
12322
13319
97290
57543
45405
93013
92656
19997
23777
93642
26144
28264
44384
99260
4133
60894
11358
66112
42478
45519
94091
97866
76228
26176
59534
39561
34417
11935
46810
60503
78808
76730
96820
44902
99883
59641
23485
28720
23258
11390
75146
64253
99286
46551
12649
44797
99878
64744
64722
2074
80250
92703
1273
54998
13108
8438
65297
14435
61410
79534
48387
78706
71229
17521
78830
2688
38012
64648
35542
22456
95659
98516
76170
18750
55756
86271
67727
12679
37086
74090
49773
60198
31894
83026
74654
20850
25709
73765
31627
77758
83148
46910
14670
48851
68514
5100
12044
41810
71271
68586
19176
95170
38437
17237
12675
2070
14905
63285
13130
37001
89971
53989
67641
44682
86715
10088
9530
30213
83712
55048
67229
39888
56464
64091
25906
27542
1386
34571
67505
78890
84405
53901
8124
33079
59648
44194
64457
8087
24709
36846
58287
34745
73501
66782
65563
99528
93683
87569
55041
40141
91657
42313
79163
80007
59019
10247
536
82887
67758
11269
82278
8400
82242
25548
21632
74538
90829
50077
35084
73411
83991
75699
50632
29167
5245
10090
27683
73915
7222
5741
76389
72552
17221
20792
95248
77260
17667
17003
14805
87212
55240
30166
24988
21655
32864
97320
29984
9905
96602
76343
46939
2864
76187
39846
50994
19612
80267
16607
89023
73729
6832
49491
55748
4403
58582
90290
82529
54011
58301
15314
93483
52087
1953
65475
9602
89337
42889
15555
88684
74857
73183
79328
27240
87575
29233
16372
1549
71909
81927
48892
45257
58178
81584
97042
44450
93753
30127
64080
2753
22091
38311
14357
94480
16063
85992
83292
95660
59198
41141
44558
62110
58417
45535
56318
15898
73880
20415
8508
71642
16717
48894
14770
26262
62228
64623
15865
7412
69302
73658
37944
1332
63680
57099
83408
69468
41309
11195
36075
93398
36534
63252
28191
64116
92261
29661
88708
95987
57484
54681
55122
88380
53950
6913
18146
79189
24273
92506
26936
98975
64057
78068
58551
43981
25686
10488
25194
54301
8485
65326
45410
21208
55822
42977
99152
55711
65180
4010
33204
34126
72669
61547
51131
39473
85955
23684
98334
2314
88621
75189
92654
81926
65802
82598
45624
11687
50826
34356
71693
46396
26605
41367
59572
40901
33795
96331
46116
80422
39484
62539
95662
38563
80228
32971
65525
68217
71000
91771
75368
99307
83481
24928
84895
58245
22005
40482
17108
12184
56334
4791
6695
55636
81240
46104
75032
13231
54049
15760
82445
47089
21989
24748
72540
87525
94186
49805
57829
99617
45801
73219
91143
44657
32444
92798
73789
99009
61661
9383
58907
33361
54333
32882
25399
34439
20392
81490
17077
2502
23707
64379
44413
92029
93653
22167
49691
93544
91540
25746
98853
10840
23779
23172
41406
9225
83896
10412
40784
26644
40702
94975
8533
83109
97679
74996
15809
2707
11062
8467
25991
3737
93844
87094
31839
85447
80560
75972
75345
29043
40155
71104
50615
13242
50256
1053
76606
57352
48360
23104
33759
95448
68629
89627
29722
32060
5848
65147
32756
80384
61341
92660
6864
99254
20977
84820
64276
24172
58152
47631
88711
10830
70739
37873
38099
69490
15067
46840
26284
45012
8729
69983
51388
40626
79913
12047
50665
2192
55312
49739
41539
19745
36040
92852
9707
38838
31129
48662
51025
38467
27524
95673
87690
49516
3165
24335
34713
94601
38102
77484
76018
14181
34269
89226
23324
24246
6544
14668
44998
49151
9200
21714
25234
58823
36218
40565
53419
50010
38410
70050
21902
71258
5816
25662
49683
64031
92156
7297
17508
34007
79310
5265
74866
48763
78902
8455
67950
83778
52815
5673
2717
49093
39438
79952
54616
35624
12981
97488
98424
91632
34428
12764
94579
87900
55638
7776
8975
27764
33477
99172
66730
26507
90410
57332
3729
64358
50873
51038
94764
61095
97182
31416
82516
36414
58238
29281
19533
94566
92855
12245
88070
35929
5238
66006
26216
68504
47394
51017
60278
70910
650
87595
89010
16311
99980
23327
12167
28248
15064
26083
30467
67699
56465
42778
91248
44162
90519
93366
16488
33427
72732
62129
93133
62256
83047
5064
93220
10764
49391
87166
86576
71501
42354
53588
65245
98171
87778
51040
1340
57394
30142
82843
9812
16433
43802
40956
77621
49245
60433
33946
67596
3487
82912
40018
73403
61804
97104
60226
54853
54211
56988
95661
40727
3691
91249
91400
39318
18339
15967
36881
34080
91370
48405
69803
60023
34110
69987
10717
90063
57511
83182
99544
35038
48856
94302
84412
86173
82961
77168
24997
64697
15539
56034
49671
29993
3098
23398
63822
17503
27339
23404
3632
87228
72488
95485
3246
47278
48378
84351
42630
75960
42721
39476
63656
3975
76486
71448
12120
49762
8826
52006
31220
86389
32
93154
84450
66295
33312
85820
83104
43636
17278
46082
54024
92524
16327
11161
12544
82597
60168